Input
32
0->54:15
1->41:12
2->35:6
3->42:10
4->34:7
5->58:5
6->55:12
7->39:6
8->36:12
9->38:15
10->53:13
11->56:12
12->51:5
13->48:8
14->60:14
15->46:12
16->57:6
17->52:9
18->40:11
19->61:10
20->43:10
21->44:6
22->33:8
23->45:10
24->50:7
25->32:6
26->32:5
27->37:6
28->59:9
29->49:15
30->47:11
31->33:8
32->25:6
32->38:14
32->26:5
33->31:8
33->22:8
33->34:7
34->4:7
34->35:14
34->33:7
35->36:7
35->2:6
35->34:14
36->8:12
36->35:7
36->37:12
37->36:12
37->42:10
37->27:6
38->39:6
38->9:15
38->32:14
39->40:13
39->7:6
39->38:6
40->39:13
40->18:11
40->41:9
41->1:12
41->40:9
41->45:11
42->37:10
42->43:8
42->3:10
43->42:8
43->44:7
43->20:10
44->48:15
44->43:7
44->21:6
45->23:10
45->46:9
45->41:11
46->15:12
46->47:8
46->45:9
47->46:8
47->30:11
47->54:15
48->44:15
48->13:8
48->49:11
49->48:11
49->29:15
49->50:5
50->24:7
50->49:5
50->51:11
51->12:5
51->52:7
51->50:11
52->17:9
52->53:11
52->51:7
53->57:11
53->10:13
53->52:11
54->47:15
54->55:6
54->0:15
55->56:8
55->54:6
55->6:12
56->11:12
56->58:10
56->55:8
57->16:6
57->53:11
57->61:8
58->59:5
58->56:10
58->5:5
59->58:5
59->60:8
59->28:9
60->59:8
60->14:14
60->61:5
61->57:8
61->60:5
61->19:10 
Output
0 70 186 161 201 44 33 86 185 101 89 41 99 129 66 50 71 96 78 67 153 142 209 57 112 106 105 167 53 125 41 209
70 0 226 201 241 84 73 40 225 55 129 81 139 169 106 44 111 136 32 107 193 182 249 33 152 60 59 207 93 165 51 249
186 226 0 45 27 152 177 242 25 257 123 169 97 73 148 206 127 108 234 139 53 56 35 213 88 262 261 31 151 91 197 35
161 201 45 0 60 127 152 217 44 232 98 144 72 48 123 181 102 83 209 114 28 31 68 188 63 237 236 26 126 66 172 68
201 241 27 60 0 167 192 257 40 272 138 184 112 88 163 221 142 123 249 154 68 71 22 228 103 277 276 46 166 106 212 22
44 84 152 127 167 0 35 100 151 115 55 27 65 95 32 64 37 62 92 33 119 108 175 71 78 120 119 133 19 91 55 175
33 73 177 152 192 35 0 89 176 104 80 32 90 120 57 53 62 87 81 58 144 133 200 60 103 109 108 158 44 116 44 200
86 40 242 217 257 100 89 0 241 27 145 97 155 185 122 60 127 152 30 123 209 198 265 49 168 32 31 223 109 181 67 265
185 225 25 44 40 151 176 241 0 256 122 168 96 72 147 205 126 107 233 138 52 55 48 212 87 261 260 30 150 90 196 48
101 55 257 232 272 115 104 27 256 0 160 112 170 200 137 75 142 167 45 138 224 213 280 64 183 35 34 238 124 196 82 280
89 129 123 98 138 55 80 145 122 160 0 72 36 66 51 109 30 33 137 42 90 79 146 116 49 165 164 104 54 62 100 146
41 81 169 144 184 27 32 97 168 112 72 0 82 112 49 61 54 79 89 50 136 125 192 68 95 117 116 150 36 108 52 192
99 139 97 72 112 65 90 155 96 170 36 82 0 40 61 119 40 21 147 52 64 53 120 126 23 175 174 78 64 36 110 120
129 169 73 48 88 95 120 185 72 200 66 112 40 0 91 149 70 51 177 82 40 29 96 156 31 205 204 54 94 34 140 96
66 106 148 123 163 32 57 122 147 137 51 49 61 91 0 86 33 58 114 29 115 104 171 93 74 142 141 129 31 87 77 171
50 44 206 181 221 64 53 60 205 75 109 61 119 149 86 0 91 116 52 87 173 162 229 31 132 80 79 187 73 145 31 229
71 111 127 102 142 37 62 127 126 142 30 54 40 70 33 91 0 37 119 24 94 83 150 98 53 147 146 108 36 66 82 150
96 136 108 83 123 62 87 152 107 167 33 79 21 51 58 116 37 0 144 49 75 64 131 123 34 172 171 89 61 47 107 131
78 32 234 209 249 92 81 30 233 45 137 89 147 177 114 52 119 144 0 115 201 190 257 41 160 50 49 215 101 173 59 257
67 107 139 114 154 33 58 123 138 138 42 50 52 82 29 87 24 49 115 0 106 95 162 94 65 143 142 120 32 78 78 162
153 193 53 28 68 119 144 209 52 224 90 136 64 40 115 173 94 75 201 106 0 23 76 180 55 229 228 34 118 58 164 76
142 182 56 31 71 108 133 198 55 213 79 125 53 29 104 162 83 64 190 95 23 0 79 169 44 218 217 37 107 47 153 79
209 249 35 68 22 175 200 265 48 280 146 192 120 96 171 229 150 131 257 162 76 79 0 236 111 285 284 54 174 114 220 16
57 33 213 188 228 71 60 49 212 64 116 68 126 156 93 31 98 123 41 94 180 169 236 0 139 69 68 194 80 152 38 236
112 152 88 63 103 78 103 168 87 183 49 95 23 31 74 132 53 34 160 65 55 44 111 139 0 188 187 69 77 27 123 111
106 60 262 237 277 120 109 32 261 35 165 117 175 205 142 80 147 172 50 143 229 218 285 69 188 0 11 243 129 201 87 285
105 59 261 236 276 119 108 31 260 34 164 116 174 204 141 79 146 171 49 142 228 217 284 68 187 11 0 242 128 200 86 284
167 207 31 26 46 133 158 223 30 238 104 150 78 54 129 187 108 89 215 120 34 37 54 194 69 243 242 0 132 72 178 54
53 93 151 126 166 19 44 109 150 124 54 36 64 94 31 73 36 61 101 32 118 107 174 80 77 129 128 132 0 90 64 174
125 165 91 66 106 91 116 181 90 196 62 108 36 34 87 145 66 47 173 78 58 47 114 152 27 201 200 72 90 0 136 114
41 51 197 172 212 55 44 67 196 82 100 52 110 140 77 31 82 107 59 78 164 153 220 38 123 87 86 178 64 136 0 220
209 249 35 68 22 175 200 265 48 280 146 192 120 96 171 229 150 131 257 162 76 79 16 236 111 285 284 54 174 114 220 0